4,5c4,5
< 0x0000 : 0b 68 01 00 45 00 01 0b 68 01 00 22 00 01 02 90 00 00 00 01 03 02 90 00 00 00 21 06 04 54 02 03 02 08 64 02 00 00 00 0f 04 01 fe 0a 94 ff 09 00 10 0c ff eb 02 90 00 00 00 00 04 09 ff e1 02 90 
< 0x0040 : 00 00 00 00 04 01 fe 0a 94 ff 09 ff fb 00 00 00 00 00 00 00 00 00 00 00 00 00 00 00 00 00 00 00 00 00 00 00 00 00 00 00 00 00 00 00 00 00 00 00 00 00 00 00 00 00 00 00 00 00 00 00 00 00 00 00 
---
> 0x0000 : 0b 68 01 00 45 00 01 0b 68 01 00 22 00 01 02 90 00 00 00 01 03 02 90 00 00 00 21 06 04 54 02 03 02 08 64 02 00 00 00 0f 04 01 01 ff ff ff 09 00 10 0c ff eb 02 90 00 00 00 00 04 09 ff e1 02 90 
> 0x0040 : 00 00 00 00 04 01 01 ff ff ff 09 ff fb 00 00 00 00 00 00 00 00 00 00 00 00 00 00 00 00 00 00 00 00 00 00 00 00 00 00 00 00 00 00 00 00 00 00 00 00 00 00 00 00 00 00 00 00 00 00 00 00 00 00 00 
65c65
< 0x0f40 : 00 fe 0a 94 ff 00 00 00 00 00 00 00 00 00 00 00 00 00 00 00 00 00 00 00 00 00 00 00 00 00 00 00 00 00 00 00 00 00 00 00 00 00 00 00 00 00 00 00 00 00 00 00 00 00 00 00 00 00 00 00 00 00 00 00 
---
> 0x0f40 : 00 00 00 00 00 00 00 00 00 00 00 00 00 00 00 00 00 00 00 00 00 00 00 00 00 00 00 00 00 00 00 00 00 00 00 00 00 00 00 00 00 00 00 00 00 00 00 00 00 00 00 00 00 00 00 00 00 00 00 00 00 00 00 00 
