Introducing contestants...
* Player 1, weighing 77 bytes, "stayin' alive0123456789001234567890123456789" ("Ha, Ha, Ha, stayiiiiin' aliiiiiiiiiive") !
* Player 2, weighing 238 bytes, "Booster !" ("Alors la, si ca marche, trop content !  :)") !
0x0000 : 0b 68 01 00 45 00 01 0b 68 01 00 22 00 01 02 90 00 00 00 01 03 02 90 00 00 00 21 06 04 54 02 03 02 08 64 02 00 00 00 0f 04 01 ff ff ff ff 09 00 10 0c ff eb 02 90 00 00 00 00 04 09 ff e1 02 90 
0x0040 : 00 00 00 00 04 01 ff ff ff ff 09 ff fb 00 00 00 00 00 00 00 00 00 00 00 00 00 00 00 00 00 00 00 00 00 00 00 00 00 00 00 00 00 00 00 00 00 00 00 00 00 00 00 00 00 00 00 00 00 00 00 00 00 00 00 
0x0080 : 00 00 00 00 00 00 00 00 00 00 00 00 00 00 00 00 00 00 00 00 00 00 00 00 00 00 00 00 00 00 00 00 00 00 00 00 00 00 00 00 00 00 00 00 00 00 00 00 00 00 00 00 00 00 00 00 00 00 00 00 00 00 00 00 
0x00c0 : 00 00 00 00 00 00 00 00 00 00 00 00 00 00 00 00 00 00 00 00 00 00 00 00 00 00 00 00 00 00 00 00 00 00 00 00 00 00 00 00 00 00 00 00 00 00 00 00 00 00 00 00 00 00 00 00 00 00 00 00 00 00 00 00 
0x0100 : 00 00 00 00 00 00 00 00 00 00 00 00 00 00 00 00 00 00 00 00 00 00 00 00 00 00 00 00 00 00 00 00 00 00 00 00 00 00 00 00 00 00 00 00 00 00 00 00 00 00 00 00 00 00 00 00 00 00 00 00 00 00 00 00 
0x0140 : 00 00 00 00 00 00 00 00 00 00 00 00 00 00 00 00 00 00 00 00 00 00 00 00 00 00 00 00 00 00 00 00 00 00 00 00 00 00 00 00 00 00 00 00 00 00 00 00 00 00 00 00 00 00 00 00 00 00 00 00 00 00 00 00 
0x0180 : 00 00 00 00 00 00 00 00 00 00 00 00 00 00 00 00 00 00 00 00 00 00 00 00 00 00 00 00 00 00 00 00 00 00 00 00 00 00 00 00 00 00 00 00 00 00 00 00 00 00 00 00 00 00 00 00 00 00 00 00 00 00 00 00 
0x01c0 : 00 00 00 00 00 00 00 00 00 00 00 00 00 00 00 00 00 00 00 00 00 00 00 00 00 00 00 00 00 00 00 00 00 00 00 00 00 00 00 00 00 00 00 00 00 00 00 00 00 00 00 00 00 00 00 00 00 00 00 00 00 00 00 00 
0x0200 : 00 00 00 00 00 00 00 00 00 00 00 00 00 00 00 00 00 00 00 00 00 00 00 00 00 00 00 00 00 00 00 00 00 00 00 00 00 00 00 00 00 00 00 00 00 00 00 00 00 00 00 00 00 00 00 00 00 00 00 00 00 00 00 00 
0x0240 : 00 00 00 00 00 00 00 00 00 00 00 00 00 00 00 00 00 00 00 00 00 00 00 00 00 00 00 00 00 00 00 00 00 00 00 00 00 00 00 00 00 00 00 00 00 00 00 00 00 00 00 00 00 00 00 00 00 00 00 00 00 00 00 00 
0x0280 : 00 00 00 00 00 00 00 00 00 00 00 00 00 00 00 00 00 00 00 00 00 00 00 00 00 00 00 00 00 00 00 00 00 00 00 00 00 00 00 00 00 00 00 00 00 00 00 00 00 00 00 00 00 00 00 00 00 00 00 00 00 00 00 00 
0x02c0 : 00 00 00 00 00 00 00 00 00 00 00 00 00 00 00 00 00 00 00 00 00 00 00 00 00 00 00 00 00 00 00 00 00 00 00 00 00 00 00 00 00 00 00 00 00 00 00 00 00 00 00 00 00 00 00 00 00 00 00 00 00 00 00 00 
0x0300 : 00 00 00 00 00 00 00 00 00 00 00 00 00 00 00 00 00 00 00 00 00 00 00 00 00 00 00 00 00 00 00 00 00 00 00 00 00 00 00 00 00 00 00 00 00 00 00 00 00 00 00 00 00 00 00 00 00 00 00 00 00 00 00 00 
0x0340 : 00 00 00 00 00 00 00 00 00 00 00 00 00 00 00 00 00 00 00 00 00 00 00 00 00 00 00 00 00 00 00 00 00 00 00 00 00 00 00 00 00 00 00 00 00 00 00 00 00 00 00 00 00 00 00 00 00 00 00 00 00 00 00 00 
0x0380 : 00 00 00 00 00 00 00 00 00 00 00 00 00 00 00 00 00 00 00 00 00 00 00 00 00 00 00 00 00 00 00 00 00 00 00 00 00 00 00 00 00 00 00 00 00 00 00 00 00 00 00 00 00 00 00 00 00 00 00 00 00 00 00 00 
0x03c0 : 00 00 00 00 00 00 00 00 00 00 00 00 00 00 00 00 00 00 00 00 00 00 00 00 00 00 00 00 00 00 00 00 00 00 00 00 00 00 00 00 00 00 00 00 00 00 00 00 00 00 00 00 00 00 00 00 00 00 00 00 00 00 00 00 
0x0400 : 00 00 00 00 00 00 00 00 00 00 00 00 00 00 00 00 00 00 00 00 00 00 00 00 00 00 00 00 00 00 00 00 00 00 00 00 00 00 00 00 00 00 00 00 00 00 00 00 00 00 00 00 00 00 00 00 00 00 00 00 00 00 00 00 
0x0440 : 00 00 00 00 00 00 00 00 00 00 00 00 00 00 00 00 00 00 00 00 00 00 00 00 00 00 00 00 00 00 00 00 00 00 00 00 00 00 00 00 00 00 00 00 00 00 00 00 00 00 00 00 00 00 00 00 00 00 00 00 00 00 00 00 
0x0480 : 00 00 00 00 00 00 00 00 00 00 00 00 00 00 00 00 00 00 00 00 00 00 00 00 00 00 00 00 00 00 00 00 00 00 00 00 00 00 00 00 00 00 00 00 00 00 00 00 00 00 00 00 00 00 00 00 00 00 00 00 00 00 00 00 
0x04c0 : 00 00 00 00 00 00 00 00 00 00 00 00 00 00 00 00 00 00 00 00 00 00 00 00 00 00 00 00 00 00 00 00 00 00 00 00 00 00 00 00 00 00 00 00 00 00 00 00 00 00 00 00 00 00 00 00 00 00 00 00 00 00 00 00 
0x0500 : 00 00 00 00 00 00 00 00 00 00 00 00 00 00 00 00 00 00 00 00 00 00 00 00 00 00 00 00 00 00 00 00 00 00 00 00 00 00 00 00 00 00 00 00 00 00 00 00 00 00 00 00 00 00 00 00 00 00 00 00 00 00 00 00 
0x0540 : 00 00 00 00 00 00 00 00 00 00 00 00 00 00 00 00 00 00 00 00 00 00 00 00 00 00 00 00 00 00 00 00 00 00 00 00 00 00 00 00 00 00 00 00 00 00 00 00 00 00 00 00 00 00 00 00 00 00 00 00 00 00 00 00 
0x0580 : 00 00 00 00 00 00 00 00 00 00 00 00 00 00 00 00 00 00 00 00 00 00 00 00 00 00 00 00 00 00 00 00 00 00 00 00 00 00 00 00 00 00 00 00 00 00 00 00 00 00 00 00 00 00 00 00 00 00 00 00 00 00 00 00 
0x05c0 : 00 00 00 00 00 00 00 00 00 00 00 00 00 00 00 00 00 00 00 00 00 00 00 00 00 00 00 00 00 00 00 00 00 00 00 00 00 00 00 00 00 00 00 00 00 00 00 00 00 00 00 00 00 00 00 00 00 00 00 00 00 00 00 00 
0x0600 : 00 00 00 00 00 00 00 00 00 00 00 00 00 00 00 00 00 00 00 00 00 00 00 00 00 00 00 00 00 00 00 00 00 00 00 00 00 00 00 00 00 00 00 00 00 00 00 00 00 00 00 00 00 00 00 00 00 00 00 00 00 00 00 00 
0x0640 : 00 00 00 00 00 00 00 00 00 00 00 00 00 00 00 00 00 00 00 00 00 00 00 00 00 00 00 00 00 00 00 00 00 00 00 00 00 00 00 00 00 00 00 00 00 00 00 00 00 00 00 00 00 00 00 00 00 00 00 00 00 00 00 00 
0x0680 : 00 00 00 00 00 00 00 00 00 00 00 00 00 00 00 00 00 00 00 00 00 00 00 00 00 00 00 00 00 00 00 00 00 00 00 00 00 00 00 00 00 00 00 00 00 00 00 00 00 00 00 00 00 00 00 00 00 00 00 00 00 00 00 00 
0x06c0 : 00 00 00 00 00 00 00 00 00 00 00 00 00 00 00 00 00 00 00 00 00 00 00 00 00 00 00 00 00 00 00 00 00 00 00 00 00 00 00 00 00 00 00 00 00 00 00 00 00 00 00 00 00 00 00 00 00 00 00 00 00 00 00 00 
0x0700 : 00 00 00 00 00 00 00 00 00 00 00 00 00 00 00 00 00 00 00 00 00 00 00 00 00 00 00 00 00 00 00 00 00 00 00 00 00 00 00 00 00 00 00 00 00 00 00 00 00 00 00 00 00 00 00 00 00 00 00 00 00 00 00 00 
0x0740 : 00 00 00 00 00 00 00 00 00 00 00 00 00 00 00 00 00 00 00 00 00 00 00 00 00 00 00 00 00 00 00 00 00 00 00 00 00 00 00 00 00 00 00 00 00 00 00 00 00 00 00 00 00 00 00 00 00 00 00 00 00 00 00 00 
0x0780 : 00 00 00 00 00 00 00 00 00 00 00 00 00 00 00 00 00 00 00 00 00 00 00 00 00 00 00 00 00 00 00 00 00 00 00 00 00 00 00 00 00 00 00 00 00 00 00 00 00 00 00 00 00 00 00 00 00 00 00 00 00 00 00 00 
0x07c0 : 00 00 00 00 00 00 00 00 00 00 00 00 00 00 00 00 00 00 00 00 00 00 00 00 00 00 00 00 00 00 00 00 00 00 00 00 00 00 00 00 00 00 00 00 00 00 00 00 00 00 00 00 00 00 00 00 00 00 00 00 00 00 00 00 
0x0800 : 02 90 00 00 00 0c 02 02 90 00 00 00 03 03 02 90 00 00 00 04 04 02 90 00 00 00 05 07 0b 68 01 00 07 00 01 01 ff ff ff fe 0b 68 01 00 3f 00 01 0b 68 01 00 40 00 01 0b 68 01 00 41 00 01 0b 68 01 
0x0840 : 00 a6 00 01 0b 68 01 00 38 00 01 0b 68 01 00 4e 00 01 0b 68 01 00 64 00 01 0b 68 01 00 7f ff fc 0a a4 00 78 ff fe 06 01 ff ff ff fe 0c 00 2d 01 ff ff ff fe 0c 00 42 01 ff ff ff fe 01 ff ff ff 
0x0880 : fe 02 90 00 00 00 00 03 02 90 01 00 00 00 06 02 90 00 00 00 00 05 09 00 47 01 ff ff ff fe 02 90 00 00 00 03 03 02 90 00 01 0b 54 02 02 90 00 00 00 00 05 09 00 2a 01 ff ff ff fe 02 90 00 00 00 
0x08c0 : 06 03 02 90 54 06 03 07 06 02 90 00 00 00 00 05 09 00 0d 0b ff ff ff fe 0b 54 01 05 05 0b 58 06 03 00 0e 01 ff ff ff fe 09 00 03 01 00 00 00 fe 0b 54 06 03 07 01 00 00 00 fe 0b 54 06 03 07 01 
0x0900 : 00 00 00 fe 0b 54 06 03 07 01 00 00 00 fe 0b 54 06 03 07 01 00 00 00 fe 0b 54 06 03 07 01 00 00 00 fe 0b 54 06 03 07 01 00 00 00 fe 0b 54 06 03 07 01 00 00 00 fe 0b 54 06 03 07 01 00 00 00 fe 
0x0940 : 0b 54 06 03 07 01 00 00 00 fe 0b 54 06 03 07 01 00 00 00 fe 0b 54 06 03 07 01 00 00 00 fe 0b 54 06 03 07 01 00 00 00 fe 0b 54 06 03 07 01 00 00 00 fe 0b 54 06 03 07 01 00 00 00 fe 0b 54 06 03 
0x0980 : 07 01 00 00 00 fe 0b 54 06 03 07 01 00 00 00 fe 0b 54 06 03 07 01 00 00 00 fe 0b 54 06 03 07 01 00 00 00 fe 0b 54 06 03 07 01 00 00 00 fe 0b 54 06 03 07 01 00 00 00 fe 0b 54 06 03 07 01 00 00 
0x09c0 : 00 fe 0b 54 06 03 07 01 00 00 00 fe 0b 54 06 03 07 01 00 00 00 fe 0b 54 06 03 07 01 00 00 00 fe 0b 54 06 03 07 01 00 00 00 fe 0b 54 06 03 07 01 00 00 00 fe 0b 54 06 03 07 01 00 00 00 fe 0b 54 
0x0a00 : 06 03 07 01 00 00 00 fe 0b 54 06 03 07 01 00 00 00 fe 0b 54 06 03 07 01 00 00 00 fe 0b 54 06 03 07 01 00 00 00 fe 0b 54 06 03 07 01 00 00 00 fe 0b 54 06 03 07 01 00 00 00 fe 0b 54 06 03 07 01 
0x0a40 : 00 00 00 fe 0b 54 06 03 07 01 00 00 00 fe 0b 54 06 03 07 01 00 00 00 fe 0b 54 06 03 07 01 00 00 00 fe 0b 54 06 03 07 01 00 00 00 fe 0b 54 06 03 07 01 00 00 00 fe 0b 54 06 03 07 01 00 00 00 fe 
0x0a80 : 0b 54 06 03 07 01 00 00 00 fe 0b 54 06 03 07 01 00 00 00 fe 0b 54 06 03 07 01 00 00 00 fe 0b 54 06 03 07 01 00 00 00 fe 0b 54 06 03 07 01 00 00 00 fe 0b 54 06 03 07 01 00 00 00 fe 0b 54 06 03 
0x0ac0 : 07 01 00 00 00 fe 0b 54 06 03 07 01 00 00 00 fe 0b 54 06 03 07 01 00 00 00 fe 0b 54 06 03 07 01 00 00 00 fe 0b 54 06 03 07 01 00 00 00 fe 0b 54 06 03 07 01 00 00 00 fe 0b 54 06 03 07 01 00 00 
0x0b00 : 00 fe 0b 54 06 03 07 01 00 00 00 fe 0b 54 06 03 07 01 00 00 00 fe 0b 54 06 03 07 01 00 00 00 fe 0b 54 06 03 07 01 00 00 00 fe 0b 54 06 03 07 01 00 00 00 fe 0b 54 06 03 07 01 00 00 00 fe 0b 54 
0x0b40 : 06 03 07 01 00 00 00 fe 0b 54 06 03 07 01 00 00 00 fe 0b 54 06 03 07 01 00 00 00 fe 0b 54 06 03 07 01 00 00 00 fe 0b 54 06 03 07 01 00 00 00 fe 0b 54 06 03 07 01 00 00 00 fe 0b 54 06 03 07 01 
0x0b80 : 00 00 00 fe 0b 54 06 03 07 01 00 00 00 fe 0b 54 06 03 07 01 00 00 00 fe 0b 54 06 03 07 01 00 00 00 fe 0b 54 06 03 07 01 00 00 00 fe 0b 54 06 03 07 01 00 00 00 fe 0b 54 06 03 07 01 00 00 00 fe 
0x0bc0 : 0b 54 06 03 07 01 00 00 00 fe 0b 54 06 03 07 00 00 00 ff fe 0b 54 06 03 07 00 00 00 ff fe 0b 54 06 03 07 00 00 00 ff fe 0b 54 06 03 07 00 00 00 ff fe 0b 54 06 03 07 00 00 00 ff fe 0b 54 06 03 
0x0c00 : 07 00 00 00 ff fe 0b 54 06 03 07 00 00 00 ff fe 0b 54 06 03 07 00 00 00 ff fe 0b 54 06 03 07 00 00 00 ff fe 0b 54 06 03 07 00 00 00 ff fe 0b 54 06 03 07 00 00 00 ff fe 0b 54 06 03 07 00 00 00 
0x0c40 : ff fe 0b 54 06 03 07 00 00 00 00 00 00 00 00 00 00 00 00 00 00 00 00 00 00 00 00 00 00 00 00 00 00 00 00 00 00 00 00 00 00 00 00 00 00 00 00 00 00 00 00 00 00 00 00 00 00 00 00 00 00 00 00 00 
0x0c80 : 00 00 00 00 00 00 00 00 00 00 00 00 00 00 00 00 00 00 00 00 00 00 00 00 00 00 00 00 00 00 00 00 00 00 00 00 00 00 00 00 00 00 00 00 00 00 00 00 00 00 00 00 00 00 00 00 00 00 00 00 00 00 00 00 
0x0cc0 : 00 00 00 00 00 00 00 00 00 00 00 00 00 00 00 00 00 00 00 00 00 00 00 00 00 00 00 00 00 00 00 00 00 00 00 00 00 00 00 00 00 00 00 00 00 00 00 00 00 00 00 00 00 00 00 00 00 00 00 00 00 00 00 00 
0x0d00 : 00 00 00 00 00 00 00 00 00 00 00 00 00 00 00 00 00 00 00 00 00 00 00 00 00 00 00 00 00 00 00 00 00 00 00 00 00 00 00 00 00 00 00 00 00 00 00 00 00 00 00 00 00 00 00 00 00 00 00 00 00 00 00 00 
0x0d40 : 00 00 00 00 00 00 00 00 00 00 00 00 00 00 00 00 00 00 00 00 00 00 00 00 00 00 00 00 00 00 00 00 00 00 00 00 00 00 00 00 00 00 00 00 00 00 00 00 00 00 00 00 00 00 00 00 00 00 00 00 00 00 00 00 
0x0d80 : 00 00 00 00 00 00 00 00 00 00 00 00 00 00 00 00 00 00 00 00 00 00 00 00 00 00 00 00 00 00 00 00 00 00 00 00 00 00 00 00 00 00 00 00 00 00 00 00 00 00 00 00 00 00 00 00 00 00 00 00 00 00 00 00 
0x0dc0 : 00 00 00 00 00 00 00 00 00 00 00 00 00 00 00 00 00 00 00 00 00 00 00 00 00 00 00 00 00 00 00 00 00 00 00 00 00 00 00 00 00 00 00 00 00 00 00 00 00 00 00 00 00 00 00 00 00 00 00 00 00 00 00 00 
0x0e00 : 00 00 00 00 00 00 00 00 00 00 00 00 00 00 00 00 00 00 00 00 00 00 00 00 00 00 00 00 00 00 00 00 00 00 00 00 00 00 00 00 00 00 00 00 00 00 00 00 00 00 00 00 00 00 00 00 00 00 00 00 00 00 00 00 
0x0e40 : 00 00 00 00 00 00 00 00 00 00 00 00 00 00 00 00 00 00 00 00 00 00 00 00 00 00 00 00 00 00 00 00 00 00 00 00 00 00 00 00 00 00 00 00 00 00 00 00 00 00 00 00 00 00 00 00 00 00 00 00 00 00 00 00 
0x0e80 : 00 00 00 00 00 00 00 00 00 00 00 00 00 00 00 00 00 00 00 00 00 00 00 00 00 00 00 00 00 00 00 00 00 00 00 00 00 00 00 00 00 00 00 00 00 00 00 00 00 00 00 00 00 00 00 00 00 00 00 00 00 00 00 00 
0x0ec0 : 00 00 00 00 00 00 00 00 00 00 00 00 00 00 00 00 00 00 00 00 00 00 00 00 00 00 00 00 00 00 00 00 00 00 00 00 00 00 00 00 00 00 00 00 00 00 00 00 00 00 00 00 00 00 00 00 00 00 00 00 00 00 00 00 
0x0f00 : 00 00 00 00 00 00 00 00 00 00 00 00 00 00 00 00 00 00 00 00 00 00 00 00 00 00 00 00 00 00 00 00 00 00 00 00 00 00 00 00 00 00 00 00 00 00 00 00 00 00 00 00 00 00 00 00 00 00 00 00 00 00 00 00 
0x0f40 : 00 00 00 00 00 00 00 00 00 00 00 00 00 00 00 00 00 00 00 00 00 00 00 00 00 00 00 00 00 00 00 00 00 00 00 00 00 00 00 00 00 00 00 00 00 00 00 00 00 00 00 00 00 00 00 00 00 00 00 00 00 00 00 00 
0x0f80 : 00 00 00 00 00 00 00 00 00 00 00 00 00 00 00 00 00 00 00 00 00 00 00 00 00 00 00 00 00 00 00 00 00 00 00 00 00 00 00 00 00 00 00 00 00 00 00 00 00 00 00 00 00 00 00 00 00 00 00 00 00 00 00 00 
0x0fc0 : 00 00 00 00 00 00 00 00 00 00 00 00 00 00 00 00 00 00 00 00 00 00 00 00 00 00 00 00 00 00 00 00 00 00 00 00 00 00 00 00 00 00 00 00 00 00 00 00 00 00 00 00 00 00 00 00 00 00 00 00 00 00 00 00 
